0.4390117824077606
0.4657386342684428
0.4764244606097539
0.354295680920283
0.7220002710819244
0.589182103673617
0.9742449522018433
0.12284346297383308
0.6723757187525431
0.13818958401679993
0.2295438051223755
0.3631333261728287
0.16620861614743868
0.06263224283854167
0.514153371254603
0.3893874833981196
0.1253925822675228
0.625187560915947
0.5869227945804596
0.0755782804141442
0.9696692327658335
0.23574385916193327
0.5085308800141016
0.04838931312163671
0.033124448731541634
0.03880433303614458
0.6056030640999476
0.02516365237534046
0.910708506902059
0.4122889166076978
0.11742173135280609
0.15685407693187395
0.7079145411650339
0.04965791820238034
0.058309552570184074
0.39252116282780963
0.3112182964881261
0.31019581109285355
0.033716399843494095
0.14541903138160706
0.1893951172629992
0.7846567630767822
0.5504206418991089
0.3142438183228175
0.07329143024981022
0.9806942542394003
0.5297078192234039
0.10269440524280071
0.9177218973636627
0.6892774105072021
0.6601879497369131
0.4562698652346929
0.2116625855366389
0.22908868392308554
0.05205744753281275
0.15336019669969878
0.24571104596058527
0.9518687824408213
0.637724389632543
0.025721732216576736
0.6081483364105225
0.3312778075536092
0.9338245888551077
0.024807479698210955
0.17911350106199583
0.09415540720025699
0.31700217227141064
0.4296414852142334
0.8583303789297739
0.30315058430035907
0.04440820962190628
0.40666353205839795
0.9288934667905172
0.11151763796806335
0.9194968243439993
0.24097847317655882
0.02542603698869546
0.04649278645714124
0.46156565845012665
0.13866603622833887
0.28810469061136246
0.055118449653188385
0.7114600439866384
0.24715631703535715
0.5108698507150015
0.0354710246125857
0.27532300104697544
0.0767826313773791
0.07996203439931075
0.5779972970485687
0.05639611526081959
0.19440130641063055
0.797145277261734
0.3759339799483617
0.09368990113337834
0.8800454338391622
0.3566690906882286
0.2611699452002843
0.39114493876695633
0.04931615665555
