0.06266215938524658
0.6663148407201647
0.2122312522725612
0.38862494472328224
0.09699880491058595
0.4375437626757647
0.9560828915245512
0.08421297746371759
0.8661188140940959
0.28149237336247585
0.12495634632945055
0.1477287380466774
0.06379863367035903
0.07463803581763033
0.9326936871521426
0.06146724134988269
0.10749302363155533
0.40092092485804953
0.7877939786440277
0.025458782455842165
0.9871414887826735
0.7896067659432982
0.33848877583476517
0.03549307270036882
0.02524702479110002
0.03637964081383685
0.694755157103816
0.05017509144805663
0.8340830689507422
0.1333446117860487
0.106228561901822
0.04010208592816631
0.46021641677277036
0.04525418502638213
0.1614904663579045
0.4821415917708797
0.07192292836871485
0.13467945863687597
0.054086608083521566
0.07584425840825529
0.061345437634733324
0.9791775753634242
0.12546046900326827
0.26993595171531765
0.036555450109464795
0.9752378097888481
0.27814636827975603
0.308245015222912
0.9524772990796562
0.8267175833859712
0.07105865400765217
0.3587821438169978
0.0935058218788291
0.15845467105116373
0.05585826179095536
0.027155887812848726
0.18891117692240425
0.7471635514114454
0.9442820209497985
0.013217671124079037
0.8589850494357372
0.12698898062246247
0.9425485915020352
0.23641010634013693
0.02968065684069331
0.04158245579599737
0.22120215364397117
0.12174723006301598
0.27064571083294797
0.2597925572734017
0.1477186372478313
0.3815410206092217
0.955638705274289
0.07795119349847929
0.9214934850376872
0.2843377802936174
0.025063034317180575
0.03739200145964083
0.6910235050357166
0.051402094182260334
0.28415251078202297
0.11458614410342793
0.975526938136802
0.08895508659519104
0.1727304711980956
0.058316322249133086
0.21867057835546524
0.3061792612048328
0.17023613016521874
0.1864465781276413
0.035458189117010666
0.27161568720967155
0.9586047146650435
0.7689925771923303
0.328631619585555
0.8766847361216041
0.03547649153622634
0.0933819338458546
0.11312996227218212
0.26122920324967136
