0.5740848779678345
0.09712161868810654
0.2935727834701538
0.17597564309835434
0.9526003301143646
0.3057907298207283
0.5585634708404541
0.13446202129125595
0.7608227133750916
0.40263208746910095
0.15514101088047028
0.11375334113836288
0.011558942962437868
0.02578361425548792
0.5152018368244171
0.36737746000289917
0.0805571861565113
0.9032194018363953
0.49989716708660126
0.7509281635284424
0.24714921414852142
0.09805638715624809
0.02977018803358078
0.2731890082359314
0.8685808181762695
0.3268056772649288
0.13715987652540207
0.52720507979393
0.04118359461426735
0.8553854525089264
0.35453006625175476
0.03627943433821201
0.8597815036773682
0.09216964244842529
0.5286358296871185
0.9638210535049438
0.6414056718349457
0.5040669292211533
0.4328654855489731
0.4414179176092148
0.08867466077208519
0.7520472407341003
0.8099706172943115
0.7871108055114746
0.16463493555784225
0.07697534188628197
0.04115188866853714
0.07760991901159286
0.792128175497055
0.2555859610438347
0.1884916126728058
0.15145913884043694
0.32228729128837585
0.1713067591190338
0.6574909389019012
0.3049662262201309
0.13329771906137466
0.09219188988208771
0.2294500470161438
0.9193108379840851
0.19520635157823563
0.47171567380428314
0.8736618757247925
0.5591416358947754
0.9278669357299805
0.013413100969046354
0.0988449864089489
0.04161626659333706
0.1572987586259842
0.5994455814361572
0.09021773189306259
0.3577798828482628
0.07190005481243134
0.7135245203971863
0.1383250206708908
0.9614419341087341
0.05737346597015858
0.3933756351470947
0.24760442227125168
0.8206421136856079
0.027090677991509438
0.7715908586978912
0.1954914629459381
0.044990310445427895
0.018898317590355873
0.27019843459129333
0.378047913312912
0.0260224686935544
0.4527858644723892
0.7297925055027008
0.05156014673411846
0.9321768581867218
0.12234603986144066
0.2580820098519325
0.28636597096920013
0.11400341615080833
0.05008247494697571
0.6636388599872589
0.8419983983039856
0.3749212175607681
0.3883906155824661
0.7256896197795868
0.01645234040915966
0.14847822487354279
0.08465481176972389
0.8401692509651184
0.6702373623847961
0.32270748168230057
0.9592491984367371
0.8526124656200409
0.4710509926080704
0.709749698638916
0.9692217111587524
0.9308665990829468
0.35131193697452545
0.4628358483314514
0.24180807173252106
0.054013676941394806
0.15750744938850403
0.09899330697953701
0.963314414024353
0.9434710443019867
0.8375864326953888
0.0052729209419339895
0.727674812078476
0.6192649900913239
0.05274472199380398
0.0809561237692833
0.9777147173881531
0.24804135411977768
0.3312678188085556
0.6626793444156647
0.4433404356241226
0.804632842540741
0.9252402186393738
0.15757816284894943
0.16174668073654175
0.14471159875392914
0.7613918483257294
0.526707112789154
0.8811638355255127
0.8121943473815918
0.08784593641757965
0.07621883228421211
0.9829736649990082
0.11336850188672543
0.5079116523265839
0.9215000569820404
0.555200845003128
0.5547469109296799
0.6005299389362335
0.21663694083690643
0.07606044411659241
0.8565819263458252
0.18095067143440247
0.9262713193893433
0.5384320318698883
0.3116787523031235
0.02380302920937538
0.07937563210725784
0.038690235465765
0.22192347794771194
0.030021682381629944
0.05404556728899479
0.22000449150800705
0.08862432651221752
0.33150462806224823
0.1496860831975937
0.7721033096313477
0.9706244766712189
0.6173733472824097
0.6211186647415161
0.70362389087677
0.9046942293643951
0.050451457500457764
0.8601532876491547
0.06713865138590336
0.2545725107192993
0.3324720412492752
0.040405478328466415
0.04420029278844595
0.11032520234584808
0.84235680103302
0.5684271156787872
0.9640163779258728
0.05215220898389816
0.9369261860847473
0.9635767340660095
0.18496603146195412
0.8444884121417999
0.8774778544902802
0.13284412026405334
0.4931636154651642
0.897393137216568
0.04398126155138016
0.5843159556388855
0.8055128157138824
0.35521046817302704
0.2531987726688385
0.9567600786685944
0.20906990766525269
0.09302050620317459
0.39462698996067047
0.2214823216199875
0.5400396585464478
0.016218816861510277
0.451741024851799
0.5806044638156891
0.029180308803915977
0.6921575963497162
0.06958135962486267
0.5279451608657837
0.35820166766643524
0.024790690280497074
0.12538911774754524
0.07699913904070854
0.048829250037670135
0.6952825486660004
0.8468771576881409
0.0629654973745346
0.44439420104026794
0.8146409094333649
0.9378686249256134
0.7426035702228546
0.05004875548183918
0.5506815910339355
0.13640816509723663
0.04546119086444378
0.3247837722301483
0.040456656366586685
0.5471180081367493
0.1984040066599846
0.9010894894599915
0.110709048807621
0.1275976151227951
0.37087275087833405
0.40032070875167847
0.6794313490390778
0.915862113237381
0.2963429093360901
0.03369682841002941
0.3296937346458435
0.21051184833049774
0.26937633007764816
0.6241675019264221
0.09593157097697258
0.775322824716568
0.03782676439732313
0.2552033066749573
0.5430272817611694
0.12279227375984192
0.0899793691933155
0.116908498108387
0.9352016746997833
0.05147837847471237
0.06619664281606674
0.9823947846889496
0.05069100670516491
0.33128033578395844
0.20554785430431366
0.06593664549291134
0.14884313941001892
0.11168557032942772
0.09580856189131737
0.5383429676294327
0.11174185574054718
0.12022947892546654
0.4175601899623871
0.9699576795101166
0.5634501576423645
0.4531572163105011
0.3780112564563751
0.0638437457382679
0.5632324516773224
0.6206011474132538
0.8291520476341248
0.9888291656970978
0.6888296902179718
0.11100935190916061
0.5194732397794724
0.03903758991509676
0.25530318915843964
0.03237260226160288
0.4033924639225006
0.04764218628406525
0.10352520644664764
0.07233600318431854
0.014178946614265442
0.9274980127811432
0.9765324294567108
0.5158410966396332
0.2549552917480469
0.43438297510147095
0.056597134098410606
0.09230943769216537
0.25647883862257004
0.41011862456798553
0.526494026184082
0.7674595713615417
0.0850943997502327
0.07415051013231277
0.24297502636909485
0.766979306936264
0.18491379171609879
0.01207502605393529
0.947134256362915
0.9531077146530151
0.0267458101734519
0.09992990642786026
0.6662195920944214
0.5258209854364395
0.2373700514435768
0.06205195002257824
0.262561559677124
0.9127865135669708
0.10015671327710152
0.30832234025001526
0.42305582761764526
0.5102768391370773
0.3955468237400055
0.643624871969223
0.5231273025274277
0.27139827609062195
0.13298025727272034
0.64651820063591
0.44392649829387665
0.24273155629634857
0.03440547175705433
0.8614725172519684
0.11326684802770615
0.07583148032426834
0.06313292682170868
0.03982584737241268
0.8022015392780304
0.3878682255744934
0.1555570513010025
0.3611305356025696
0.6418957114219666
0.052679263055324554
0.9586771130561829
0.9575706124305725
0.3518131375312805
0.7444329261779785
0.3934757858514786
0.01619369490072131
0.6290021538734436
0.09032339602708817
0.6950778961181641
0.6348478198051453
0.018912515603005886
0.9573779702186584
0.6780472695827484
0.0352499196305871
0.0768495686352253
0.3155779018998146
0.2931380122900009
0.269475981593132
0.21103974431753159
0.7207237780094147
0.8998177945613861
0.035845596343278885
0.049140436574816704
0.6394704580307007
0.21014434844255447
0.9587056338787079
0.045221732929348946
0.23980467021465302
0.20526762306690216
0.5839377045631409
0.006968646543100476
0.1345374546945095
0.9423045814037323
0.7233147323131561
0.11399097368121147
0.2788519859313965
0.23830310255289078
0.08445098996162415
0.11902400851249695
0.7901472449302673
0.2964518815279007
0.9367197751998901
0.6731509864330292
0.17798089981079102
0.4379884898662567
0.6651344299316406
0.23293163627386093
0.4848581999540329
0.9671416282653809
0.05681400001049042
0.9013018012046814
0.9559763073921204
0.7823666036128998
0.4770950824022293
0.8690881729125977
0.09754842519760132
0.9136114120483398
0.06793790683150291
0.32233747839927673
0.3383505344390869
0.08092524483799934
0.10944605246186256
0.02479712851345539
0.49352213740348816
0.39109085500240326
0.058266766369342804
0.9695959687232971
0.6890928149223328
0.9020012021064758
0.3271884024143219
0.175129696726799
0.9670264422893524
0.015893827192485332
0.9581979811191559
0.07682083919644356
0.961988776922226
0.8669501841068268
0.12769773602485657
0.1509782150387764
0.29825590550899506
0.19848498702049255
0.238822303712368
0.26703064143657684
0.34339113533496857
0.9771504998207092
0.2096053585410118
0.8159907162189484
0.21209943294525146
0.5829373300075531
0.6009002029895782
0.9574414789676666
0.634300172328949
0.0676304530352354
0.31290826201438904
0.3858616352081299
0.11943725869059563
0.12151075899600983
0.05583243444561958
0.92176353931427
0.9826820492744446
0.06656323000788689
0.2934209033846855
0.47828005254268646
0.6855180263519287
0.3459535390138626
0.34181930124759674
0.6243099868297577
0.1378691978752613
0.18066881597042084
0.1926845982670784
0.6093059033155441
0.5139598995447159
0.02616018522530794
0.0720556303858757
0.7132950127124786
0.2599472627043724
0.8934067487716675
0.6345140933990479
0.11353373154997826
0.32826413214206696
0.07330215349793434
0.2586132287979126
0.10146867111325264
0.1514974683523178
0.46796004474163055
0.438778892159462
0.9608336985111237
0.16896910965442657
0.30970215052366257
0.5433763265609741
0.4950091391801834
0.557767927646637
0.9262968003749847
0.7432259023189545
0.8824414908885956
0.1542743220925331
0.2534622773528099
0.625834658741951
0.8959744274616241
0.03742068260908127
0.07823120802640915
0.07679920271039009
0.6674652695655823
0.5960801541805267
0.11247812956571579
0.13581039756536484
0.6311492323875427
0.011591370683163404
0.7461567521095276
0.09483582898974419
0.8271416425704956
0.5471713840961456
0.03213565517216921
0.2727459818124771
0.1564432457089424
0.13197799026966095
0.19222258403897285
0.565865159034729
0.6340703964233398
0.8839079439640045
0.06562269106507301
0.07810547947883606
0.7927615344524384
0.036563364788889885
0.05578800104558468
0.08755146712064743
0.10467828437685966
0.808490127325058
0.7507191896438599
0.9072646796703339
0.5372243374586105
0.20608505606651306
0.06894087232649326
0.9162350296974182
0.9649331569671631
0.9853819012641907
0.12298805266618729
0.9678969383239746
0.9475432336330414
0.10235428437590599
0.9192422330379486
0.7614637017250061
0.5410198867321014
0.0449714045971632
0.1950553059577942
0.44291163980960846
0.9769429266452789
0.07264105044305325
0.055390818044543266
0.37264610826969147
0.5238443613052368
0.12648391351103783
0.19506148248910904
0.4988645762205124
0.02685246802866459
0.5279399156570435
0.5613681077957153
0.16352594643831253
0.08313688635826111
0.2365015298128128
0.016816685907542706
0.8611691892147064
0.5245137512683868
0.8778792023658752
0.042738230898976326
0.8488642275333405
0.10643575713038445
0.051751984283328056
0.19841080904006958
0.14694515615701675
0.1600780487060547
0.07372846826910973
0.10213654860854149
0.8853493630886078
0.8465036749839783
0.13386796042323112
0.31007857620716095
0.9649022817611694
0.7511793375015259
0.9625732898712158
0.45599953830242157
0.8359147012233734
0.6597416698932648
0.8428492844104767
0.2978164181113243
0.07952351123094559
0.11658448353409767
0.21508236229419708
0.812169224023819
0.1153477169573307
0.8497554957866669
0.952921450138092
0.18432558327913284
0.2295248731970787
0.8085151314735413
0.2794196158647537
0.08743156492710114
0.07653816044330597
0.062375884503126144
0.9466213285923004
0.5858041644096375
0.38660749793052673
0.6409050822257996
0.02304293867200613
0.5646843314170837
0.39463554322719574
0.10039027035236359
0.7638562917709351
0.3512105196714401
0.8566963970661163
0.6681468188762665
0.2431574910879135
0.3409576416015625
0.1382152996957302
0.12983226403594017
0.2978188619017601
0.3856475502252579
0.2648395895957947
0.1254366859793663
0.019886311143636703
0.9828079342842102
0.5727482736110687
0.897322028875351
0.08912289515137672
0.0066528653260320425
0.1914379820227623
0.215875506401062
0.8205756843090057
0.6697569489479065
0.13938262686133385
0.45038533210754395
0.6480089426040649
0.3647296503186226
0.9497928321361542
0.3057308942079544
0.06321851164102554
0.18018676340579987
0.32451331615448
0.14314201474189758
0.12857003509998322
0.4352041035890579
0.8613307178020477
0.06057402305305004
0.9545445144176483
0.527207225561142
0.04263062868267298
0.09656152129173279
0.9886659383773804
0.2617832273244858
0.7704212665557861
0.40329529345035553
0.0659207571297884
0.3617652952671051
0.40452611446380615
0.032704644836485386
0.025860600173473358
0.08729450777173042
0.8453212380409241
0.10728723183274269
0.22835815697908401
0.07081058248877525
0.04361751303076744
0.21885329484939575
0.04907755367457867
0.6081551611423492
0.25472477823495865
0.9280362725257874
0.04009188525378704
0.008052021963521838
0.9787964224815369
0.28016339242458344
0.4763529598712921
0.12341591715812683
0.33775900304317474
0.09972743317484856
0.2401108518242836
0.060216205194592476
0.37657932937145233
0.9740415215492249
0.3597930818796158
0.0881609283387661
0.9629393517971039
0.47432760894298553
0.05416994355618954
0.41315309703350067
0.5691474974155426
0.8635203540325165
0.7771161794662476
0.08538232743740082
0.6416473984718323
0.21826154738664627
0.6360248327255249
0.9475990831851959
0.1746339127421379
0.8515257835388184
0.6121372282505035
0.8714035749435425
0.8843340575695038
0.04906887747347355
0.8663842678070068
0.71755650639534
0.7223809063434601
0.03474193066358566
0.031128691509366035
0.14628401398658752
0.1663140133023262
0.1218358501791954
0.14542093873023987
0.2818358764052391
0.6994699537754059
0.024657009169459343
0.4707329720258713
0.11722738668322563
0.15766581147909164
0.04176035709679127
0.07993677072227001
0.45252062380313873
0.8899080753326416
0.43709562718868256
0.2970539778470993
0.42969249188899994
0.3679184317588806
0.6036069989204407
0.3972838521003723
0.11053391918540001
0.7890585660934448
0.4060363620519638
0.12063495814800262
0.37253375351428986
0.37324079871177673
0.03265976533293724
0.12716048955917358
0.05479945242404938
0.115798469632864
0.8900218904018402
0.15658342838287354
0.03798715025186539
0.10739642009139061
0.36009304225444794
0.4121941775083542
0.8038766980171204
0.24667557701468468
0.1541750505566597
0.7127195298671722
0.1505265086889267
0.4939474016427994
0.41958262026309967
0.9519321620464325
0.14464814215898514
0.03773918375372887
0.9454511106014252
0.11710717901587486
0.9802611470222473
0.9409319460391998
0.30242031812667847
0.38955122232437134
0.8840617537498474
0.2505079507827759
0.05860923230648041
0.6604067087173462
0.2837785482406616
0.10313374921679497
0.10261170193552971
0.10036475211381912
0.8049407303333282
0.7174999713897705
0.432352676987648
0.31163936853408813
0.12032697722315788
0.6596880555152893
0.34105047583580017
0.397738441824913
0.09914017096161842
0.17505158483982086
0.6865015923976898
0.1319296546280384
0.2852252647280693
0.2601209878921509
0.28190986812114716
0.08296848088502884
0.18263118714094162
0.5780889987945557
0.23649543523788452
0.9891372919082642
0.9609859883785248
0.3309742361307144
0.9662501513957977
0.176479771733284
0.18780484795570374
0.07281256467103958
0.7835167944431305
0.9287739992141724
0.8213684260845184
0.08925251290202141
0.5125896036624908
0.19380875676870346
0.5304579585790634
0.35991071164608
0.16179556027054787
0.8510845899581909
0.856682151556015
0.08114567026495934
0.8017956018447876
0.9103779196739197
0.06500600278377533
0.7136611342430115
0.2384428307414055
0.9056503772735596
0.496801495552063
0.20124861598014832
0.8402742743492126
0.2326791062951088
0.8011863231658936
0.8934316337108612
0.8155587911605835
0.019937481731176376
0.02047571912407875
0.1305324286222458
0.018960009329020977
0.6108769774436951
0.06582801975309849
0.08762328699231148
0.7891529202461243
0.962793231010437
0.492523655295372
0.25864770263433456
0.07162823900580406
0.26614129543304443
0.05967521481215954
0.5064573585987091
0.48245590925216675
0.07133395224809647
0.8902011811733246
0.9780032336711884
0.2916167974472046
0.8906143605709076
0.49144166707992554
0.03380091115832329
0.3316688984632492
0.9220349788665771
0.6419150829315186
0.6568787693977356
0.09884876012802124
0.18436960130929947
0.10215269774198532
0.03273138403892517
0.6960843503475189
0.24305327236652374
0.942640870809555
0.4856439232826233
0.714120090007782
0.08366300538182259
0.4273371696472168
0.04625339433550835
0.7027086019515991
0.7861183881759644
0.12715914845466614
0.39724354445934296
0.034510611556470394
0.6495985090732574
0.9313518404960632
0.7204324007034302
0.05942744016647339
0.4507331997156143
0.4859495460987091
0.9255595207214355
0.14108040928840637
0.10532940179109573
0.5722424685955048
0.5296922922134399
0.04115481115877628
0.8569316267967224
0.014293160755187273
0.2751544117927551
0.15072482824325562
0.05084102973341942
0.8135317862033844
0.18092329800128937
0.5524328351020813
0.984660804271698
0.9396860897541046
0.10416916385293007
0.9525983333587646
0.3545069098472595
0.45370881259441376
0.009858040139079094
0.6595174670219421
0.5346929430961609
0.2897064983844757
0.4414149522781372
0.4471040517091751
0.24429339915513992
0.9450810551643372
0.7131334245204926
0.49808260798454285
0.023892970755696297
0.06473700702190399
0.9173300266265869
0.8453820049762726
0.9814455211162567
0.21446550637483597
0.4288073480129242
0.8287959396839142
0.4350985884666443
0.8324897289276123
0.8499372005462646
0.11065106093883514
0.7511342465877533
0.22558747977018356
0.794095903635025
0.06549556367099285
0.427138090133667
0.9455152451992035
0.010202773381024599
0.3562752306461334
0.10367827862501144
0.717793196439743
0.21132484078407288
0.09161354601383209
0.3400746136903763
0.10945688560605049
0.028402283787727356
0.2288064807653427
0.2325696051120758
0.9802470207214355
0.7755457758903503
0.7077354192733765
0.49493709206581116
0.3846951872110367
0.30154794454574585
0.13136979565024376
0.44955383241176605
0.14066129550337791
0.2003326639533043
0.09137367457151413
0.3381810486316681
0.18286758661270142
0.3380257934331894
0.07849081978201866
0.6822832822799683
0.27555446326732635
0.9432252645492554
0.8110011219978333
0.07483938336372375
0.9663380086421967
0.9791008830070496
0.09521300718188286
0.9378644526004791
0.1419644132256508
0.6264668405056
0.46585582196712494
0.08560114353895187
0.47800156474113464
0.06435621902346611
0.4378344267606735
0.723227471113205
0.1653147041797638
0.8294882476329803
0.7938744723796844
0.30060677230358124
0.3919461667537689
0.6582835018634796
0.3732507675886154
0.10225389152765274
0.35932891070842743
0.027604570612311363
0.18229767680168152
0.6959386169910431
0.8099551796913147
0.17783353477716446
0.49442480504512787
0.12454204261302948
0.03326272405683994
0.022702615708112717
0.3276318162679672
0.3506631404161453
0.2113308385014534
0.04134552739560604
0.577307790517807
0.2993163615465164
0.22489123046398163
0.9150446355342865
0.8700478374958038
0.10294617339968681
0.7037980258464813
0.12684174627065659
0.5711016654968262
0.6630844175815582
0.010295505169779062
0.9467957019805908
0.586591899394989
0.22453539818525314
0.4229525327682495
0.05781405605375767
0.5825294554233551
0.08214288577437401
0.8439329266548157
0.3001782149076462
0.6177667677402496
0.9076068699359894
0.8782351016998291
0.036218658089637756
0.348580002784729
0.043265797197818756
0.7468665540218353
0.8584549427032471
0.6366392374038696
0.26911461353302
0.1608518809080124
0.9207088351249695
0.7551596760749817
0.16626926511526108
0.6277759969234467
0.2044689953327179
0.02099967561662197
0.4144195318222046
0.029080597683787346
0.9600236117839813
0.37780238687992096
0.5563881099224091
0.11249807104468346
