0.3047575056552887
0.9183782935142517
0.5788676142692566
0.08714383095502853
0.07409433275461197
0.4301299750804901
0.9937259554862976
0.19949869811534882
0.10258334130048752
0.28489962220191956
0.06630256026983261
0.3320865035057068
0.14226743578910828
0.17198370397090912
0.5757149457931519
0.020133119076490402
0.47924113273620605
0.18827368319034576
0.6585671305656433
0.03241549804806709
0.9996260404586792
0.013005539774894714
0.4048026204109192
0.020049000158905983
0.03491627424955368
0.28215929865837097
0.677306056022644
0.015848670154809952
0.764008104801178
0.2071259617805481
0.22843357920646667
0.2297927886247635
0.35895949602127075
0.0310701634734869
0.07333538681268692
0.6626867055892944
0.6161028146743774
0.062635138630867
0.0074927411042153835
0.0031214652117341757
0.2204434722661972
0.9892241358757019
0.13335852324962616
0.09809622168540955
0.12860840559005737
0.9746997356414795
0.47431740164756775
0.26140451431274414
0.1372634321451187
0.22965408861637115
0.21759802103042603
0.3937569856643677
0.011978218331933022
0.12518972158432007
0.21652913093566895
0.014399454928934574
0.041138000786304474
0.5152591466903687
0.25292110443115234
0.01405525766313076
0.7324235439300537
0.027394946664571762
0.9530969858169556
0.07418876886367798
0.34371477365493774
0.36967894434928894
0.15174612402915955
0.024328645318746567
0.8824044466018677
0.25108858942985535
0.03076806850731373
0.07108946144580841
0.5856952667236328
0.05910537764430046
0.6598840355873108
0.23602962493896484
0.0289229154586792
0.21894893050193787
0.8829021453857422
0.5220469236373901
0.009513293392956257
0.26201626658439636
0.9747492074966431
0.5081285238265991
0.7897762060165405
0.34929922223091125
0.002782464260235429
0.0759635642170906
0.07343084365129471
0.011734525673091412
0.12963829934597015
0.1061127632856369
0.016536494717001915
0.3323711156845093
0.020191412419080734
0.12930192053318024
0.43682166934013367
0.014929487369954586
0.20136862993240356
0.07404860109090805
